 

 

 

 

 

 

 

 

 

 

 

 

 

STUDIES IN STELLAR STATISTICS. ΙΙΙ. 83

Square Nm ,ΥΟ y⁰ r⁰ π rc xc ψ ze
13⁵ 599 4 55 4 22 4 5 59 O''.OO35 43 4 37 4 22 4 1
» 600 4 34 4 14 4 3 36 00057 21 4 16 14 4 1
» 601 4 48 4 18 0 51 00040 35 4 30 4 18 4 4
» 602 4 83 4 33 4 3 88 00023 73 4 65 4 33 4 1
» 603 4 39 4 16 4 3 42 00049 26 4 21 4 16 4 1
» 604 4 32 4 13 4 3 34 00061 19 4 14 4 13 4 1
2 605 4 96 - 35 4 4 101 00020 86 4 78 4 35 4 8
» 606 63 4 24 0 67 00031 53 4 45 4 24 4 4
» 607 4 71· 4 30 4 6 77 00027 61 4 53 4 30 Ἴ 4 2
» 608 4108 4 42 4 1 115 00018 99 4 90 4 42 ’ 4 3
» 609 4 90 4 37 4 5 97 00021 81 4 72 4 37 -4 1
» 610 4 78 4 31 4 2 83 00025 68 4 60 ἑ 4 31 4 2
» 611 4108 4 45 4 6 118 00017 100 4 90 5 4 45 4 2
» 612 4247 4100 4 4 267 ’ 00008 250 ’ 4229 4100 0
» 613 4 54 4 21 4 1 57 00036 42 4 36 4 21 4 5
» 614 4 82 4 34 1 4 2 88 3 00023 72 4 64 4 34 4 2
615 2 4119 4 50 4 2 128 1 00016 113 4101 4 50 4 2
» 616 4 74 4 31 = 4 1 80 00026 64 4 56 4 31 4 5
» 617 4 89 4 37 4 4 96 00021 80 4 71 4 37 4 8
» 618 4 72 4 30 1 4 1 78 1 00026 62 4 54 4 30 4 5
» 619 4 94 4 41 4 1 101 00020 86 4 76 s 4 41 4 3
» 620 4 89 4 38 4 1 97 00021 81 4 71· 4 38 4 5
» 621 4123 4 54 4 2 135 00015 118 4105 4 54 4 2
» 622 4113 4 49 4 1 123 06017 107 4 95 4 49 4 3
» 623 4 89 4 40 - 2 97 00021 82 4 71 4 40 4 2
624 4 98 1 4 43 4 1 106 00019 91 4 80 4 43 4 5
» 625 4 50 4 22 4 1 54 00038 39 4 32 4 22 4 5
» 626 4 21 4 9 4 3 23 00090 12 4 3 4 9 4 7
» 627 4 46 4 23 0 51 00040 36 4 28 3 4 23 4 4
» 628 4 23 4 13 4 1 26 00079 , 14 4 5 ’ 4 13 4 3
2, 629 ‹ 4 39 4 22 4 1 44 00047 31 4 21 4 22 y 4 3
» 630 ’ 4 30 4 18 4 1 35 00059 ᾗ 22 4 12 4 18 ’ 4 3
Εὃ 631 4 56 4 33 4 13 66 00031 ¹ 53 4 38 1 - 33 , 4 17
» 632 4 25 4 15 ³ 4 6 29 00071 19 4 7 4 15 4 10
>> 633 — 11 - 7 4 3 13 00159 12 ÷ 7 ἡ 7 ÷ 7
634 4 34 4 20 4 15 42 00049 32 ‚ 4 16 4 20 4 19
» 635 4 21 4 12 4 4 24 00086 15 4 3 4 12 4 8
» 636 4 37 4 22 4 18 46 00045 36 4 19 4 22 4 22
» 637 4132 4 81 4 7 154 00013 140 4114 4 81 4 3
» 638 ,412 4 8 4 1 14 00147 11 4 6 4 8 4 5
» 639 4 21 4 13 ’ 4 1 · 24 00086 14 4 3 Ι 4 13 4 3
» 640 4 29 4 19 = 4 1 ; 34 00061 22 4 11 ἶ 4 19 4 3
641 4 14 4 9 0 1 16 00129 11 4 4 1 4 9 4 4
» 642 ; 4 18 11 4 0 3 21 00098 12 0 ἶ - 11 4 4
» 643 4 29 4 19 ’ 4 6 35 00059 24 4 11 ³ 4 19 4 10
4 1 644 1 4 19 ἰ 4 13 ³ ÷ 5 23 00090 16 4 1 4 13 4 9
» 645 ᾖ 4 40 1 4 28 ᾖ 4 1 ; 48 00043 36 4 22 5 4 28 , 4 3

 

