 

 

. Nzo

740
741
742

7> 743
> 744

745
746
747
748
749
750

> 751
x> 752
> 753
> 754
» 755
› 756
3 757

758
759
760
761

» 762
» 763
» 764
> 765
1> 766
5 767
> 768
> 769

>>

770
771
772
773
774
775
776
777

a 778

779

780
781

> 782

 

783

784
785

 

 

 

 

Β.Ρ.Ο. Constellation
Scorpius
4369
7>
Ara
Scorpius
4392 Ara
4398 7>
4405,
¹ Scorpius
4429ἰ »
4431 Ara
4439 Scorpius
4474 »
4496 Ara
Scorpius
4565 Ara
Corona bor.
Sagettarius
4599 Corona austr.
4611 Telescopium
Sagittarius
Corona austr.
4642
4657 ’ Telescopium
4680γ
4697’ Sagittarius
4734 ¹ »
4762 Pavo
Telescopium
4792 Corona austr.
49131 Sagittarius
Pavo
5108 Sagittarius
5223 Pavo
5684 Grus
6103 Phoenix
6140 Sculptor
6173
Hydrus
Mensa

C. V. L. CHARLIER‚

Name

 

³1

a

 

 

 

Sp. Mag¹¹ α

33 6927 17600
Bo 600 1710
33 550 1715
130 7.1 1715
Bo 7.7 17.17
33 641 1720
33 588 1724,
Ba 550 1726
Β 1 3.51 11728
Bo 73 1730
Bo 74 1734
Bo 681 1738
Bo 656 1739
33 280 1740
331) 29711740
Bo 708 *1744
B2 171 17.45
132 25111759
Be, 59011770
Bo 83 ,1785
31 390 1798
33 590 18.07
Bo 624 1807
33 552 1810
33 554 1814
33 750 1815
Bo 648 1819
33 542 1828
33 376 1833
B5 ¹ 533 1841
33 538 1846
33 482 1863
33 1 442 1372
Bo ἔ 730 1872
33 541 1883
33 586 1905
33 561 1922
33 642 1069
33 439 1988
33 212 2030
33 216 2203
33 537 2370
33 605 2384
’33 499 2395
Bo S.O 1.67
30 724 450

 

 

 

 

 

 

 

 

 

 

ὃ ξο ηο ζο
435032 4 218 4 1780 - 073
4 3232 4 1.02 4 1581 4 049
4 3342 4 096 4 1254 4 061
4 4223 4 531 4 2550 4 350
4 4935 4 1039 4 3236 - 694
4 3245 4 106 4 19.10 4 094
4 6275 4 704 41235 4 479
4 4737 - 331 41139 - 248
45628 4 133 4 443 -- 138
,4 4965 4 841 4 2683 4 638
4 4695 4 756 4 2858 4 617
4 3145 4 045 4 2294 - 1.70

3363 104 2039 137
4 3720 4 037 4 359 4 048
44978 4 1.12 4 365 4 093
4 3298 4 092 4 2591 4 260
4 3702 4 020 4 217 4 029
4 3397 4 035 4 3.11 - 0.57
4 5357 4 477 41360 4 467
4 3203 4 089 4 4508 4 744
4 5008 4 146 4 550 - 1.94
- 4138 4 1.54 4 1445 4 423
4 3382 ÷ 031 -- 1724 4 400
44135 4 125 41211 4 363
4 5605 4 410 4 1112 4 488
4 3662 4 061 4 3051 4 827
4 4233 4 210 4 1870 — 607

44.15 135 1133 404
44602 4 087 4 521 4 199

4582 168 1071 423
43308 ÷ 076 4 1135 4 352
4 3573 4 031 4 863 4 317
462304 293 4 609 4 361
4 478814 4.54 4 2573 41219
4 3747 ÷ 024 4 1112 4 472
4 4205 4 063 41325 - 669
4 3560 ÷ 099 4 11,77 4 598
4 6130 4 647 41438 4 1102
4 3553 ÷ 079 4 616 4 429
45705 4 069 4 191 4 1.71
4 4743 4 030 4 140 4 229

5077 316 340 1092
4 3248 4 006 4 1.97 41610,
49027 ÷ 0.16 - 078 4 092
4 7617 4 2674 41316 4 2641
4 8472 4 2139 4 1098

- 1446Ι

