 

ῙΑΙ

6

1
1

»2

‘A2

» ,19

02
&l

ιφ,
,-

Ὅα) *1053*ss— tow—-

ι-ιῠ-*ῡ-*ι-ν-ι-ι-μ-ιν-
ΦκΙΦίῒῑιρΟῧίὒι-Φ

10 (QNJNJNJQQIQ
0: Qffiwwt-O

(Β
λ1

QUIN-³10
020oe

0202050200
&tw->0³10

§subus—usuam&
ῥωων-ΟὮΕΙΞ

¹ r
8sp Ῑ Nzo 13.P.C‚

ἕ 957
1730
41744

’3281

5532

67

97
103
118
122
123
141
149
152
175

412
419

457
529
678

740
741
742
744
767
780
783

790
817

838
839

844 ,

 

 

Constellation

Cepheus
Camelopardal.

Draco
Ursa min.
Cepheus

Andromeda

Cassiopeja

»
Andromeda
Cassiopeja

Andromeda

Perseus
Cassiopeia

Andromeda

Perseus

Camelopardal.
Perseus

 

(Ὗ. V. L. CHARLIER,

Ῑ
Name

IHev.

000„ss

 

 

 

 

Table 16. catalogue of

αἷδ

 

Sp Mag.
133 5“1.39Ῐ4“.08 483055
133 5041 668 4 6767
Β5 513³ 67⁴2 ÷ 6900
135p 3.88¹12.49 4 7033
130 7.12 ι1794 4 7602
x131 332 12146 4 7012
130 7.8 12387 4 7575
Β3 6.57 0.13 4 37.15
13³ 536} 0.3·2 4 5145
135 4881 044 4 5397
Bo 4324 0.46 ÷ 6237
Β5 5.14 Ο.51 4 5362
Β2 372 Ο.52 ÷ 5:533
Ba 444 052 4 3315
Ba 485 061 4 4995
32 555 065 4 4730
132 470 065 4 4773
133 442 074 4 4053
130 6.62ζ 127 4 4307
130 628 144 4 3430
133 549 156 ÷ 5465
35 344 1.79 4 6317
Bo 7.8 181 4 6188
1 B5 562 1.93 4 6390
135 308 324 4 4685
13⁵ 542, 290 4 5195
1 Bo 60οἷ 309 4 4202
'135 638 318 4 4365
Β2ρ 476: 3.19 † 6528
133 530 319 4 4985
’133 506 320 4 4972
135 530 327 4 4385
134 494 335 4 4370
, Β ⁵ 554 336 4 4950
130 7.25 336 4 4342
Be, 4.67 3.37 ÷ 49.15
Ἰ Bo 620 338 4 4662
136 633 343 4 4453
Ἰ1356 4261 349 4 4785
135 310 360 4 4747
132 504 360 4 3363
Βι 394 363 4 3197
130 651 367 4 3200
Bo 636 369 4 3330

 

4444444444444444444 444444444444444444 4444 444

 

§ss

8.47
4.7o
5.10
340
2222
423
3010

1622

7.79
585
870
451
552
7.43
1007
681
564
1454
10187
880
350
26.44
9.63
9,ὃὸ
685
7,12
5,4Ο
5.72
5.90
5.32
569
472
660
1209
4.19
8.00
7 97
327
185
290
¹59
509
300

 

4444 4444 444

<1÷n

 

⁷l⁰ ζί] ¹

Ι 1
6,76 4 507Υ
763 4 487
77614 5134
205 4 4461
6.65¹÷12.90¹
1464 1071
1814 4- 912
955 842ι
651 4 201
5.25]- 1.19
3924 015
30014 1.41
3134 076
401³- 3633'
536 4 1.81’
7.41 - 308
502 4 2001
442 - 267
1398 - 614
1221- 759
387- 098
329 4 031
2482 4 157
904 4 105ἶ
1284 - 2841
1000 -- 0.50’
1392 - 256
1050 153
6,714 153
984 4 048
392 4 044,
995 - 056
850 4 040
1168 4 040
2526,- 313
750 - 029
1538 4 1.161
1656 - 163ς
631 4 027,ι
373 4 0121
953,- 211
577 - 136
18894 431
1765 J 368

’ἕψειν-ὀε- ⁴20⁶? m

 

υ ‘OQ'

