STUDIES IN STELLAR STATISTICS. III.

 

 

 

θθῦθῧέθῦθυθῧὸ

 

 

ι-ιω Η
Φιῦὺωῡῦὶῦθ

 

1 707

 

 

 

ΟΦΦρωωΟ-ἱκὶζοὲΰῠρἱβσᾶὲΰω

 

§ww-0¹ ΦΦΟΟΦῚΦΟᾸΙκΙίΟΦω

 

4 4

 

1
1
1 1

693 1 4 54 4 69 4 9 99 010095 79 4 36 1
694 419 4 91 4 4 94 00096 9314 6
695 , 4 9 -- 14 4 32 16 00199 19 4
696 -- 16 4 39 1 4 13 43 , 00049 49 2 4
697 , 4 15 4 95 4 3 99 3 00071 96 4
699 3 - 41 1 - 66 4 6 77 1 00097 71 4
699 1 - 39 1 .- 49 4 9 57 1 00036 50 4
700 4 961 - 49 4 9 55 00037 50 4
701 4 13 - 93 4 3 96 00079 95 4
709,-16,-99 44133ζο,0069,304;
703 ’ 4 76 - 99 4 13 194 1 00017 114 , 4-5
704 ¹ 4 97 - 53 4 9 60 , 00034 55 , 4
705 1 4 14 , 30 4 5 33 00069 39 ’ 4
706 1 4 16 „ 91 . 4 9 1 96 1 00079 91 4

491-1714 9119 00109 9014
706 1 4 11 - 99 4 6 30 00069 31 1 4
70914151-39149141,00050 4014
7101437 469 4 9177ζο,0097 71141
711145-191491310015911941
719 4 14 - 991 4 31 391 00064 , 301 4
713149-99146130110069 39 4
714 4 94 - 41 2 -- 4 } 47 ¹ 00044 1 41 ’ 4
71514991-51145159100036 59 41
716 14 6 417, 4 9 3 191 00115 994 19
717 - 31 1 4 69 1 4 3 , 69 1 00030 63 1 4 13
719 4 10 4 31 4 3 ¹ 39 ³ 00064 33 1 4 9
719 - 71495 4 3 96100079 991411
7901416 439 4 3, 41100050 3914 9
791 1 4 34 4 94 1 4 5 100 3 00091 95 , 4 16
7994549549 95100099 99413
793 4 15 4 50 - 9 59 ’ 00040 1 50 1 4
794 1- 4414 95 4 19 97 00091 90 4 9
795 1 4 50 4 96 4 94 101 00090 ’ 94 k 4 3
796 4 11 4 46 4 9 47 00044 . 47 1 4
797 4 95 4 46 4 19 53 00039 47 4
799 1 4 20 — 39 1 4 9 39 00053 39 , 4
79914 3 -141 0 14100147191 41
730149436141 36100057137141
731 1 4 19 4 74 ζ 4 6 76 ’ 00097 74 1
739 4 9 43514 9 35100059 36141
7331419449143 49 0004914314
734 1 4 93 4 95 2 4 7 97 00091 95 , 4
735 4 99 4 59 , 4 10 63 00033 2 59 1 4
736 4 15 4 97 ‹ 4 4 99 00093 1 97 4
737 , 4 95 1 4 49 1 4 14 56 1 00037 1 50 --
739149914461413 59100040] 47 4
739 1 4 9 4 75 1 4 9 75 1 00097 76 A

 

 

 

67

›-³ ›-

o- r·-

Ι1111111111

»ap-⁴

 

 

14444441- 144-1114444441-41-1

,-.

1111

441441141111-414411141

111111111111111111

*A

 

†
..-
Φ

1
ΔΓΙΙ

