 

 

 

 

76 C. V. L. CHARLOER,
Sq. N:o 13.P.C. Constellation Name Sp. Magw] a δ ²1⁰ ζ0
1

3,, 45811929 Canis maj. Bo 5m.43 7¹=.32 -31072 - 1124 4 468 4 066
» 459 1932 1311 547 7.33 - 3200 41148 4 4704 068
» 460 130 059 7.33 4 3003 419.οι 4 842 4 074
» 1461 1946 » :130 620 736 4 3153 41605 4 662 4 076
» 462 1955 Puppis 130 598 738 4 339341470 4 543 4 098
›> 463 >¹ ’311 606 742 4 3163 4 1510 4 608 4 057
» 464 1967 135 560 742 4 3123 41337 4 547 4 043
» 465 2017 711 35 491 759 4 3807 - 923 4 253 4 063
» 466 2019 713 135 578 760 4 3802 41378 4 378 4 090
467 714 33 602 761 4 3733 41536 4 468 4 088
» 468 2038 135 644 767 - 3797 41871 4 500 4 099
» 469 2044 Carina 1311 644 768 4 5840 41879 -- 075 4 479
» 470 Puppis 35 645 769 , 3765 41861 4 507 4- 067
» ,471 ,4 e 133 566 771 ,3770 41435 4 382 4 062
» 472 135 697 773 ,4127 42447 4 506 4 165
» 473 2060 ,. ,33 511 773 ,3825 41019 4 259 4 046
> 474 2062 1» 3132 526 774 ,4035 41108 4 147 4 1. 39
» 475 >— 330 660 776 ,4045 4 2037 4 444 4 1. 25
> ‘476 2070 P ‘Bo 4,25 777 ,4612 4 697 4 093 4 083
» 477 134 598 777 , 4662 41545 4 194 4 1. 91
» Ι478 134 638 760 ,4265 4 1853 4 3 30 4 150
» 3479 13³ 609 760 ,4697141029 4 192 4 199
480 134 616 761 - 4263 - 1674 4 303 4 1.29
» 481 2089 b ,34 453 761-38601- 763 4 168 4 027.
» 482 'Ba , 724 764 - 5027 - 2768 4 164 4 4181
» ,483 2094 1) 133 483 764 -4935 - 013 4 0 73 4 129
» 4842695 R Bl 432, 784 - 4763 - 722 4 0 74 4 091
» 485 » 1135 7593 766 - 4992 - 3255 4 225 4 470
» 486 ῐ32 604 768 - 4358 -1590 4 2, 53 4 1.21
» 1487 311 632 768 - 4047 - 1798 4 365 4 076
» ’488 2109 135 542, 790 -4322 - 1195 4 1. 93 4 084
» 489 2111 Carina κ {3³ 3430 700 - 5270 - 5119 1- Ο.12 - Ο.87
» 490 Puppis jB5 008 790 -· 47.δῖ - 16.ἳὸ ÷ 159 - 1.85
» 491 2119 >x 1 1315 450 792 -4897 - 766 4 0614 099
2 492 134 750 793 - 4810 — 3129 4 2, 74 4 359
» 1493 4134 643 794 -4970 -1912 4 123 4 249
» 494 2128 133 665 794 -4970 -21.16 4 136 4 276
» 495 Carina ¹3³ 588 795 - 6055 -1450 4 166 4 355
» 496 » 135 569 797 - 5367 -1465 4 00114 252
» 497 Puppis 133 750 798 -49,33;-31.31 4 207 4 362
» 498 » 130 599 798;-- 54,23,-15,54 4 0064- 268
» 499 2136 Carina D¹ 133 496 7981-6328 - 938 4 129 4 2,.56
n 500 Puppis ‚3³ 750 800 — 4803 - 3134 4- 2 56 3.·29
» 1501 Carina D² Ba 642 805 - 6255 -1848 4 241 ’4 474
» 502 Vela 1 33 607 806 4 4820 - 16. 25 4 1.18 4 159
>> 503 Puppis {Bo 7331* 807 —41.52 —- 28. 84 † 474 νὴ 0,ὃὸ
» 15042165 'vela Ba 510 810 -4362 4 10 66 4 137 4 046

 

 

 

 

 

 

 

 

 

 

 

 

