 

 

Smnnms IN STELLAR STATIS'HOS. ΙΙΙ. 65
Square Nzo 00⁰ 2⁰ y⁰ > 70 ⁴ π rc wc yss 20
— 1
03 182’413 45814615910”,0035’59 4544581410’
04 183 416,449 4 31 51¹0.00401 501÷ 2 449 4 7
>> 184 j 8 ¹ 4 24 4 2 ¹ ⁴25 0.0082 27 4- 10 -1- 24 -1- 6
4 185 410432 43133400062’34,4843247,
> 186 414145244 6 54 00038 53 4 4 452, 410’
187 j 4 33 4 93 4 91 991 00021 95 4 15 4 93 4 13 1
» 188 ’ 4 28 4 53 4 1 ¹ 59* 00035 54 ¹ 4 10 4 53 4 5
189 . 4 11 a 57 4 10¹ 58 00036 59’ 4 7 4 57 4 14
» ³ 190 4 714 71 4 161 731 00028 75 4 11 4 71 4 20
» 191ζ-3145442162100033 56413 454 46Ἰ
192 ζ 4 6 4 20η 4 44 21 ’ 00098 25 4 12 4 20 4 8
1931424454 4 715900035 55 4 6 454 411
» 194 429441 4 61 50100041, 44 411 441410
» 195 - 41 4 56 4 18 ¹ 71 00029 1 64 4 23 4 56 ; 4 22
» 1961423 449 421Ἰ 5800036 55,-- 5 4491425
C⁵ 197¹—16¹÷15 414126 00079 241424151418
» 198446 458 442185 00024 791428 4581446
(1611991413 4 3 448149 00042 52 4 5 4 31452
0,’120οῚ48 41944145ζο004615014104191445
09 201 4 18 4 38 ς 4 11 ¹ 431 00048 54 4 36 4 38¹ ÷ 15
2> , 202 4 26 4 26 ¹ 4 14] 39 00053 54 4 44 4 26 3 ÷ 18
» 203 4531-9614241111000181264714961442,
»120414181426144 3100066445443642648
» 205 411ῑ-1744 2 2000103134 429 41714 6
» 206 431, 44314 71 53’ 00039 66 449 443 411
» 207 4 27 4 23 1 4 9 ¹ 36 ¹ 00057 1 52 4 45 - 23 4 13
» 208 4 27 , 4 43 4 4 4 Ἰ 50 3 0.0041 63 4 45 - 43 ¹ 4 8 ἶ
Cln 20914174144 52200094439 4351414Ῑ49
2> 210 4534574 9 78 000261994711457 413
211 4 51 1 4 551 4 81 75 ¹ 00027 89 4 69 4 55] 4 12
4 212 4 20 ¹ 4 27 ᾗ 4 2 2 33 ’ 00062 1 47 4 38 4 27 “ 4 2 2
» 213 4 23 ’ — 151 0 27 00076 ¹ 44 4 41 - 15 4 4
s> 214 ’ 4 32 4 19 ¹ 0 ’ 37 00056 ³ 54 ¹ 4 50 4 19 4 4
» 215 4 28 4 15 ¹ 01 31 ¹ 00066 49 ¹ 4 46 , 4 15 4 4
» 216 458 42614 216310003318114761-26 46
» 217 438 »401413156100037169 45944014 9
» ’ 218 441 4301- 93 51 0.0040÷ 661459 430, 4 5
» 219 › 4 30 , 4 15 ³ 4 4 , 33 , 00062 50 4 48 3 4 15 0
c„ 220 “ 4 33 ¹ 4 15 ¹ - 6 , 36 ¹ 00057 53 4 51¹ 4 15 2
» 221 4 46 - 21 ’ 4 10 ’ 51 ¹ 00040 68 4 64 ¹ 4 21 4 6
222 4301--1114 6 32100064ἶ 4944484111 2
2234416ς410148 2οῑοο1ο3ἷ364434141ομ»41
» 224 1 4 50 4 20 3 4 16 J 56 1 00037 1 72 1 4 68 4 20 12
» 2251431 41949133 00062150 4491410 45
» 226 14 88 ¹ 4 42 4 36 ¹ 103 4 00020 ¹118 ¹ 4106 1 4 42 4 32

 

 

 

 

 

 

 

 

 

 

 

Nova Aeta Reg. Soc. Sc. Ups‚‚ Ser -1, Vol. 4. N. Τ. Impr.

 

 

 

ὃ 7 1910.

 

 

 

<2

 

