STUDOES ΙΝ STELLAR STATISTICS. III.

 

 

 

 

 

 

 

 

 

 

 

 

 

 

1 1 1
Square Νεο 1 :r⁰ y⁰ ἶ 2⁰ 1 νο π 1 rc wc ψ’ 1
1 1
Ε, 1 458 4 35 4 14 4 2 37 0”.0056 1 22 - 17 4 14
» 459 4 35 4 15 4 2 38 00054 23 1 4 17 4 15 1
460 4 59 4 26 4 2 64 00032 49 , 4 41 4 26 ,
461 4 50 4 20 4 2 53 00039 38 1 4 32 4 20 1
462 4 45 4 17 4 3 48 00043 32 4 27 4 17 1
463 4 47 4 19 4 2 50 00041 35 4 29 4 19 1
464 4 47 4 19 4 2 50 00041 35 z - 29 4 19 ,
465 4 30 4 8 4 2 31 00066 15 4 12 4 8 g
466 ¹ 4 45 4 12 4 3 46 00045 29 4 27 2 4 12 1
467 4 54 4 15 4 3 56 00037 1 39 4 36 1 4 15
468 4 61 4 16 1 4 3 63 00033 1 46 4 43 4 16 ζ
469 4 58 4 2 1 4 15 59 00035 1 41 4 40 4 2 1
470 4 66 4 18 1 4 3 68 00030 ’ 51 1 4 48 4 13 1
>a 471 4 50 4 13 1 4 2 51 00040 ; 34 4 32 1 4 13
» 472 4 75 4 16 1 4 6 76 00027 2 59 4 57 4 16
7 473 4 36 4 9 1 4 2 37 00056 20 1 4 18 4 9 1
» 474 4 76 4 10 1 4 9 77 00027 59 ’ 4 58 4 10 ;
475 4, 63 4 14 , 4 4 64 00032 47 1 4 45 4 14 1
476 4 22 4 3 1 4 3 22 00094 1 5 4 4 4 3 1
477 4106 4 13 4 13 , 107 00019 1 891 4 881 4 13 ἕ
478 1 4127 4 23 ἶ 4 10 ' 129 00016 1111 141091 4 23
479 4 57 4 7 1 4 7 57 00036 1 40 1 4 39 1 4 7 ’
480 -114 4 21 1 4 9 116 00018 ³ 981 4 96 4 21
481 - 27 4 7 1 4 1 27 00076 12 1 4 9 t 4 7
482 1 - 97 4 6 “ 4 15 98 00021 ἰ 80 ’ - 79 4 6
4 483 - 32 4 3 1 4 5 32 00064 14 2 — 14 4 3 1
» 484 - 58 4 6 4 7 58 00036 1 41 J — 40 4 6 1
« 485 -114 4 81 4 16 115 00018 1 97 κ 96 4 8ἶ
486 -109 1 4 17 1 4 3 110 00019 1 93 - 91 4 17
487 4 56 4 11 4 2 57 00036 1 40 1 - 33 4 11 1
488 4 39 4 6 4 3 39 00053 Ἴ 22 1 - 21 4 6
489 - 18 , 0 4 3 1 18 00015 1 1 0 1 0 1
490 4 53 1 4 5 4 6 53 00039 35 1 1- 35 4 5
491 - 63 4 5 1 4 8 63 00033 45 - 45 4 5
x 492 -110 4 101 4 13 110 00019 ζ 93 - 92 4 10
1 493 4 67 4 4 1 4 9 67 00031 1 49 — 49 4 4
494 4 74 4 5 ’ 4 10 74 ’ 00028 ’ 56 — 56 4 5
495 4 51 4 51 4 12 1 52 1 00040 34 ³ — 33 1 4 5
2, 496 4 49 0 Ι 8 49 ³ 00042 31 ³ - 31 0
1 » 1 497 4110 ’ 4 714 13 110 00019 1 93 J 3 9214 7
1 498 » 48 0 1 8 48 00043 3 30 Τ - 30 2 0
499 433 4 514 9 34,00061’17,-15’4 5
5001141104 914121110 00019 931-- 9214 9
1 501 ’ 4 65 ¹ - 3 ; 4 17 67 00031 49 1 - 47 1 4 8
1502’457 4 414 6 57 00036 391-3914 41
1 503 4 89 4 15 1 4 2 00 00023 72 ἶ - 71 4 15 1
· 504 - 37 4 5 2 37 00056 1 20 1 - 19 ’ 4 5 1

 

 

 

(ΘΜΡ-*ἰῦδῦδῦἰῦ

34444444444
0

..7

ἰῦἰῦἰῦωαῢωρἰῦῶλωσέωἱβιῶῑῦῌῌωρῑῦωμῦ-*ωἰὶῚωΦζῦῠ-ΟῢὶΝὶίθῐΰῠ-*ν-*ῦ-*Ηῢ-*ζ

1

1411144

11111114-
.—

..-

1111441111

,-

 

4111111

