 

STUDIES IN STELLAR STA'mS'msfs, ΙΙΙ. 61

 

 

 

 

 

 

 

 

 

 

 

 

Square Ν;ο :115⁰ μθ 2⁰ 1 r⁰ π rc :120 με zc
131, 69 4 60 -- 10 - 6 61 020034 79 Ι 4 76 4 10 4 4
» 90 4 42 4 1 4 2 42 00049 60 1 4 60 4 1 4 6

91 4 65 4 7 4 8 65 00032 64 4 63 4 7 4 12

92 4 25 4 4 4 4 25 00062 43 4 43 4 41 0

93 4 65 4 1 4 2 65 00032 63 , 4 63 4 1 4 2

» 94 4 56 4 10 4 11 57 00036 75 4 74 4 10¹ 4 7
» 95 4 30 4 1 4 2 30 00069 46 4 48 4 1 4 2
> 96 4 39 0 4 2 39 0.0053 57 4 57 0 4 2
» 97 4106 4 20 4 12 106 00019 1 126 4124 4 20 4 16
4 96 4 60 4 4 4 3 60 00034 1 78 4 76 4 4 4 1
» 99 4 26 ’ 4 2 4 6 27 00076 1 44 4 44 4 2 4 2
» 100 4 36 4 9 4 6 38 00054 56 4 54 4 9 4 10
2, 101 4 44 4 2 4 10 45 00046 62 4 62 4 2 4 6
» 102 4 37 4 1 - 9 36 00054 55 4 55 1 4 5
» 103 4 37 4 11 4 7 39 0.0053 57 4 55 4 11 4 11
104 4 62 4 16 4 7 64 00032 ¹ 62 4 60 4 16 4 11

ΒΗ, 105 4 31 4 5 4 2 31 00066 49 4 49 1 4 5 4 2
» 106 4 22 4 3 4 2 22 00094 40 4 40 4 3 4 2
» 107 4 44 4 10 0 45 00046 63 4 62 4 10 4 4
4 106 4 44 4 10 0 45 0.0046 = 63 4 62 4 10 4 4
» 109 4 56 4 16 4 5 60 00034 79 4 76 4 16 4 9
110 4 27 4 6 4 5 26 00074 45 4 45 4 6 4 1

2> 111 4 27 4 6 4 7 29 00071 45 4 45 4 6 4 3
» 112 4 36 4 7 4 12 38 00054 55 1 4 54 ⁴ 4 7 4 8
» 113 4 36 4 7 4 12 36 00054 1 55 * 4 54 4 7 4 6
» 114 4 69 4 15 4 22 73 00026 1 90 1 4 67 4 15 4 16
» 115 4 41 4 12 ¹ 4 13 45 00046 61 ‚ 4 59 ¹ 4 12 9
» 116 4 36 4 12 4 7 39 0.0053 551 4 54 4 12 4 3
» 117 4 17 4 51 4 6 19 0.0108 1 35 ² 4 35 4 5 4 2
118 4149 † 62 4 1 161 0.0013 1 178 1 4167 , ÷ 62 ¹ ÷ 3

119 4 26 4 12 1 4 1 30 0.0069 ¹ 48 4 46 4 12 4 3

» 120 4113 4 49 ³ 4 2 122 00017 140 4131 4 49 4 2
» 121 4 62 4 4 29 0 66 00030 65 4 80 , 4 29 4 4
122 4 30 4 14 4 1 33 00062 1 50 4 46 , 4 14 1 4 3

123 4 47 4 26 4 5 53 00039 71 1 4 65 1 4 26 4 9

124 4 45 4 23 1 26 57 00036 1 71 63 4 23 ,, 24

125 4 57 4 32 1 7 65 00032 1 62 1 4 75 Υ4 32 4 3

C, 126 415 4 91419 25’000621 37143314 9¹ 15
» 127 4 26 4 22 1 4 36 52 00040 2 61 4 46 , 4 22 4 34
(22 126 4 6 4 30 4 26 42 , 00049 1 46 4 26 , 4 30 24
» 129 4 6 v 4 31 1 4 20 37 Ξ 00056 1 441 4 261 4 31 4 16
,130 4714331422 40100052451425433416
131 1 4 2 4 231 4 17 26 00074 , 33 4 90³ 4 23 13

132 2 4 1 4 34 1 4 26 44 00047 “ 46 4 19 34 - 24

4 ’13314 71134 416 3600054 4414254344 412
» 134 4 21 4 74 4 25 60 1 00026 1 66 1 4 39 1 4 74 1 4 21

 

