 

 

Szrnnms IN STELLAR STATISTIOS. ΠΙ. 85
Square N:o ae⁰ ,¹ 31⁰ 2⁰ 1 r⁰ π o σεῦ 1 y ΖΘ

Ea 646 4 26 y 4 19 4 3 32 010064 22 4 6 4 19 4 7
» 647 4 13 1 4 9 4 1 15 0.0138 11 4 5 4 9 4 5
» 646 4 44 1 4 33 4 1 55 00037 42 4 26 4 33 4 5
» 649 4 26 s 4 19 4 1 32 00064 21 4 6 4 19 4 5
» 650 , 4 20 1 4 15 4 2 τ 25 1 00062 16 4 2 15 4 6
» 651 4 34 1 4 26 4 3 42 00049 31 4 16 4 26 4 7
» 652 ¹ 4 60 1 4 46 4 27 , 60 ¹ 00026 ’ 71 4 42 4 46 4 31
» 653 4 26 1 4 22 4 6 34 0.0061 26 4 6 4 22 4 12
» 654 4 20 1 4 17 4 5 26 00079 19 4 2 4 17 4 9
655 4 36 ζ 4 32 4 7 46 00043 36 4 16 4 32 4 11

» 656 4 54 , 4 45 0 70 00029 ¹ 58 4 36 4 45 4 4
657 4 36 1 4 34 4 6 51 00040 41 4 20 4 34 4 12

656 4 21 1 4 16 0 27 00076 1 19 4 3 4 16 4 4

659 4 41 g 4 39 4 11 57 00036 1 46 4 23 4 4 39 4 15

660 4 19 1 4 18 4 3 26 ¹ 0.0079 19 4 1 4 18 4 7
661 4 41 ¹ 4 39 4 3 56 ἰ 00037 46 1 4 23 ¹ 39 4 7 ¹
1 662 4 22 4 25 4 10 34 00061 29 4 4 4 25 4 4 14 ·
663 4 20 4 23 4 9 31 00066 2 26 4 2 4 23 4 13

» 1 664 4 34 , 4 36 4 11 52 1 00040 44 4 16 4 36 4 15
’ 665 4 16 1 4 21 4 12 29 00071 ’ 23 2 4 2 4 21 4 8

» 666 4 30 ¹ 4 41 4 24 56 00037 51 4 12 4 41 4 26
» 667 4 37 , 4 38 4 6 53 00039 44 4 19 4 36 4 10
4 666 4 16 1 4 21 Ἴ 4 13 29 00071 23 4 2 , 4 21 4 9
» 669 4 34 3 4 40 i 4 11 53 00039 1 46 4 16 4 40 4 15
» 670 ’ 4 16 ¹ 4 20 4 6 27 00076 22 = 0 4 20 4 10
» 2 671 4 53 1 4 61 ¹ 4 16 62 2 00025 741 4 35 4 61 4 22
» , 672 1 4 14 4 17 4 6 22 00094 1 201 4 4 4 17 4 10
» , 673 1 4 151 4 16 4 6 241 00066 21 4 3 s 4 161 4 10
» , 074 1 4 9 8 0 11, 00167 2 13 4 9 4 6ῐ 4 4
» 675 1 4 16 , 4 22 4 6 26 ¹ 00074 1 25 4 2 4 22 4 12
,4 676 1 36 ³ 4 43 4 4 57 1 00036 1 46 4 20 4 43 4 6
» 677 1 4 26 4 26 4 1 36 1 00054 30 4 6 4 26 4 5
» 676 4 36 ᾗ 4 36 4 7 52 j 00040 41 4 2ο 4 36 4 3
679 4 14 ¹ 4 16 4 4 23 00090 20 4 4 , 4 16 4 6

660 1 17 4 19 4 1 25 ¹ 00062 20 4 1 j 4 19 4 5

661 1 4 33 3 4 43 4 6 54 Ξ 00036 , 47 4 15· 4 43 4 12

> 662 4 14 4 211 4 6 26 , 00079 Α 22 4 4 ζ 4 21 4 4
,4 6631417142444030100069126 411424 410
Ε7 1 684 1 4 34 1 4 45 4 6 ⁴ 56 00037 49 4 16 1 -- 45 4 10
» 685 1 4 6 4 101 4 3 12 00172 17 t 4 121 4 10 4 7
> 666(413’416143122100094 201451416 47
» 1 667 4 14 ; 4 21 4 4 25 1 00062 23 1 4 4 1 4 21 4 6
» 666 r 4 41 4 46 4 6 ἶ 601 00034 ¹ 5114 2314 46 4 2
>s 689 1 11 4 19 4 7 23 1 00090 , 23 4 7 1 ἡ 19 ÷ 11
690 4 36 4 49 4 1 62 ¹ 00033 ¹ 53 1 4 20 1 4 49 4 5

» 691 2 4 13 Ἴ 4 22 4 5 26 1 00079 1 24 1 4 5 1 4 22 4 9
6921440 4434915910003514914221443 45

 

 

 

 

 

 

 

 

 

 

 

 

 

 

