C. V. L. CHARLOER‚

==-—-———-———

 

 

. N:o

599
600

¹ 601

602
603
604
605
606
607
608
609
610
611
612
613
614
615
616
617
618
619
620

’621

622
623
624
625

>> 626
> 627
» 628
x 629

630
631
632

>> 7 633
› 634
³> 635
» ¹ 636
> 637
» 638
» 639
³* 640
> 641
» 642
> 643
» 644
2> 645

 

B.P.C.

2867

2876
2880

2992
3057
3103
3127
3151

3162
3165
3168
3176

3187
3200
3236
3237
3238
3239
3245

 

Constellation
Carina
»
>>
>>
Vela

Caffina
>)

C 1· u x
))
>>
>>

Centaurus

Crux

 

 

 

Name Sp. Mag.
B 3 6¹¹¹.14
B 3 5.09
Β o 6.Οὸ

Β 0 7.ss
B 5 554
Β 5 5.10

Bo 7.6
Β 0 6.69

Β 0 70
Β 5 7.75

Β 0 7.5
Β 5 7.04

1 B o 73

Β 1 7.6
Β 3 609

Β 0 7,3

Β 0 31
Β 0 703

Β 3 72
Β o 701

Β 0 7.6

Β 3 7.2

’ Β o 82

⁴ Β 0 30

, Β 0 7.5

Β ο 7.7
Β 3 5.98
π Β 5 426
Β 3 5.84
j ¹ B 5 4.52
Β 5 5.70
32 ³ B3 493
B 5 6.53
’ Β 5 431
δ’ Β sp 288
1 Β 0 552
ρ ; Β 3 4.2Ο
Β 0 530
Β 1 642
ὃ ᾗ Β 3 303
ζ 2 B 3 4.26
Β 5 5.14
αῙ Β 1 1.58
cz² B 1 209
Β 3 5.Ο4
σ Β 3 4.16
Β 0 6.00

 

α

10]],67
10.68
1Ο.68
10.70
10.71
10.72
10.72
10.73
10.73
10.75
10.77
10.78
1(),8Ο
1032
1032
1038
1035
1032
1100
11.01
11.01
11.Ο3
11.05
11.07
11,Οὸ
11.lO
11.15
11.27
1153
11,75
1138
1138

1205
1205
1205
1206
1210
1214
1215
12.16
1222
1235
1235
1235
1235
1238
1262

 

 

 

 

 

δ ξθ η’)
163373 1 156031 635 1
1 6943 1 963 1 390 1
1 5947 1 1558 1 979 1
1 6149 1 2631 — 1057 -
- 6998 1 1180 1 433 1
1 6335 1 964 1 999 1
1 5630 1 3108 1 1139 1
1 5935 1 9055 1 730 —
- 6409 1 9911 1 963 1
1 5970 1 3306 1 1983 1
1 6910 1 9994 11193 1-
1 6073 1 9974 1 950 -
1 6938 1 3509 1 1451 1
1 6098 1 3069 1 1957 -
1 5837 1 1539 1 601 1
1 6117 1 9960 1 11.07 1
1 6068 1 3856 1 1696 1
1 5990 1 9404 1 1007 1
1 5749 1 9544 1 1046 1
1 5939 1 9399 1 985 1
1 6059 1 3040 1 1913 1
1 5948 1 9530 1 1034 ÷
1 6033 13994 1 1757 1
1 6098 13647 1 1597 1
1 6109 1 9988 - 1983 1
1 5955 1 3175 11993 1
1 5907 1 1434 1 638 1
1 5993 1 647 1 984 1
-- 6048 1 1911 1 670 1
1 6999 1 701 1 333 -

6133 1198 635
— 6960 1 854 1 503 1
15990 11714 1 1001 1
1 5010 -- 776 1 453 1
15015 1 918 1 187 1
14067 11111 1 639 ÷
1 5180 1 536 1 350 1
1 3837 11900 1 7.19 1
1 6335 — 1633 1 1009 1
15818 1 350 1 916 1
1 6343 1 609 1 373 1
1 6957 1 394 1 533 1
1 6953 1 174 1 113 1
-- 6953 1 918 1 149 1
1 5088 1 938 1 550 1
1 4967 1 554 1 357 1
1 6950 11300 1 907 1

 

ζα

1.3Ο
0.75
Ο.13
1.11
1.Ο2
Ο.81

1.26 '

0.07
2.0l
O.29
1.46
050
130
047
Ο.28
Ο.79
Ο.67
Ο.25
1.10
Ο.23
036
O.20
054
O.21
054
O.29
Ο.28
0.78
Ο.Ο7
0.31
0.18
Ο.24

·3.86

1.77
Ο.72
4.79
1.13
538
038
O.22
Ο.27
Ο.24
0.Οό
0.Οὸ
1.84
1,36

0.37

