 

 

STUDIES IN STELLAR STATISTICS. III. 91

Square Nzo ae⁰ ψ 2⁰ νο π rc :cc ,Ψ 20

F, 786 - 31 - 3 1 4 17 35 ÷ 00059 18 - 13 < — 3 — 13

» 787 ¹— 24 - 5 - 8 25] 00082 8 - 6 - 5 — 4

788 - 30 - 10 - 8 32 « 00064 16 - 12 - 10 - 4

» 789 - 29 4 14 4 13 34 j 0.0061 20 4 11 4 14 — 9

790 4 54 4 21 4 13 59 0.0035 42 4 36 4 21 — 9

791 4 53 ¹ 4 19 4 11 57 0.0036 40 - 35 4 19 1 - 7

792 - 54 4 22 4 8 58 00035 42 4 36 4 22 - 4

793 - 47 4 25 - 18 1 56 0.0037 41 4 29 4 25 - 14

» 794 - 60 - 27 - 11 66 00031 50 4 42 - 27 4 7

» 795 4 24 4 13 -10 29 1 00071 15 4 6 4 13 = 4 6

F² 796 - 20 - 13 4 7 24 ’ 00086 1 13 4 2 - 13 4 3

2, 797 417'411 4 4 20ι 00103η 11 ’ ÷ 1 411 0

» 798 4 11 4 7 - 2 j 13 00159 “ 10 ÷ 7 4 7 ' ÷ 2

» 799 -13,-9-2’15 0.0138;10 Ἴ45-9142

» 800 4 43 2 4 31 4 9 1 53 0.0039 ἒ 40 - 25 4 31 4 5

801 4 86 } 4 68 -12ἶ 110 00019 96- 68 - 68 - 8

» 802 4 30 ’ - 30 4 12 ’ 44 2 00047 j 33 4 12 4 30 4 8

» 803 - 48 4 41 4 31 , 70 2 00029 1 57 1 4 30 4 41 4 27
» 804 - 41 4 32 4 34 ¹ 62 ¹ 0.0033 1 49 4 23 4 32 ¹ 4 30 ,

 

 

 

 

 

 

 

 

 

 

 

 

