 

STUDIES IN STELLAR STATISTICS. III.

89

 

 

 

 

 

 

Square N :o 70⁰ y⁰ 2⁰ νο π rc xc
38 740 — 95 - 49 - 14 56 0.0037 50 4 7
» 741 4 3 — 49 — 9 49 00049 51 4 15
ι 749 - 3 — 44 — 2 44 0.0047 47 4 15
» 743 4 16 - 79 - 11 61 00095 79 4 9

744 4 39 4100 4 91 107 0.0019 109 4 14

745 4 4 — 67 — 3 67 0.0031 68 4 14

» 746 - 95 4 43 4 17 59 00040 45 4 7
» 747 419 4 49 4 9 44 0.0047 49 4 6
«, 746 4 16 4 36 4 11 40 00059 36 4 9
» 749 4 96 4 63 4 90 66 00093 64 4 6
» 750 4 93 - 88 — 19 93 00099 69 4 5
» 751 4 1 4 71 — 5 71 00099 73 4 17
» 759 4 3 4 63 , - 6 63 , 0.0033 64 4 15
» 753 4 1 4 13 4 9 13 00159 91 4 17
» Ἰ 754 4 4 413 4 3 13 0.0159 19 4 14
x 755 - 3 — 80 4 8 80 00096 61 4 15
756 4 1 4 15 4 9 15 ’ 00136 99 4 17

1 757 4 9 4 91 4 4 91 00096 96 4 16

,4 756 4 16 1 4 45 4 15 50 00041 46 4 9
» 759 4 3 4139 4 93 140 “ 00015 141 4 91
» 760 4 19 4 44 4 16 46 00043 46 4 6
761 4 6 4 51 4 15 53 00039 53 4 19

769 4 1 4 53 4 19 54 00036 56 4 19

763 4 4 4 49 4 13 44 00047 44 4 14

764 4 13 4 36 4 16 41 00050 36 4 5

» 765 4 9 4107 4 99 110 00019 110 4 16
» 766 4 6 4 56 4 19 61 00034 61 4 19
» 767 4 5 - 37 4 13 , 39 00053 40 4 13
» 766 ’ 4 3 4 16 4 7 ’ 19 00106 93 4 15
769 4 6 4 35 - 14 38 0 0054 38 4 19

770 ÷ 3 - 40 4 19 41 00050 45 4 91

771 ÷ 1 - 30 4 11 31 00066 36 4 19

779 4 90 4 49 4 95 59 00040 47 4 9

773 4 14 4 80 4 36 69 00093 67 4 4

774 4 1 4 36 4 15 39 00053 49 4 19

775 4 9 4 43 4 99 46 00043 49 4 16

1⁴:q 776 4 3 4 39 4 90 43 00046 47 4 91
» 777 4 90 4 44 4 34 59 00035 53 4 9
» 776 4 3 4 99 4 15 96 00079 39 4 91
> 779 4 9 4 7 4 6 9 00999 17 4 16
ΕΠ, ἶ 760 4 1 4 5 4 6 9 00999 16 4 17
» ¹ 781 - 10 411 4 36 38 00054 34 4 6
» 769 0 4 6 4 50 50, 00041 ³ 49 4 16
³ » ; 783 4 1 4 3 - 33⁶ 33¹ 00069 34 4 19
ζ F, 784 4 63 4 41 4 69 193 “ 00017 ¹ 109 4 65
765 4 66 4 34 4 45 66 00094 71 4 46

 

 

 

 

 

Nova Acta Reg. Soc. Sc. Ups„ Ser 4, Vol. 4. N. Τ. Impr. ¹⁵ 7 1916.

(οιεὶι-*ωιυμυισῑκΙιπων-ι-ὶκὶωωο

 

 

 

ῐΙΙΙΙΙΙΙ

