STUDIES IN STELLAR STATISTIOS.

 

 

1

Square B.P.C.‘ u
1262 40”.016
1 1079 0000 l
1389 0000
1435 r 40003 ¹
1370 , 0000
1339 10002
0Ι 1609 1 40007 3
1877 1 40004
³ 1781 1 10003 ¹
1934 1 4 0009
1817 40007
1793 40001
1804 1 0001
1660 ¹ 40.008 1
1819 40001
D⁷ 3470 40041
1)ὕ 4052 ¹ 40013
1 4086 ξ 40011
D⁹ 4093 ¹ 40007
’ 4218 1 4 0010
4158 ¹ 40012
1 4399 ¹ 40001
Dm} 4784 10008 1
¹ 5004 ¹ 0004
Ε, 563 2 4 0012
Ε2 840 2 0005 ’
Ess , 1467 ζ 10001
1641 1 40028
1490 · 40004
1601 1 40008
1845 ¹ -0.013
¹ 1761 ¹ 40010 1
134 ¹ 2581 40014
¹ 2017 40022
2108 4 0003
2526 1 40020
2111 4 0033
1 2473 ¹ -0.040
2226 40017
2070 4 0011
2477 4 0049
2325 40016
1 2342 ¹ 40011
135 2811 ¹ 40026
ῑ 2674 ¹ 40022

 

 

 

V

1 -0”.007
w0.002 ,

÷ 0001

’ - 00οἳ

1 6 0.(103 ¹

Ἰ·- 0007

1 0.ΟΟ4 ¹

— 0006

Ξ 1 0011 1

1 - Ο.001

ἶ 40014
40036
1 40030

f 40029 1
’ 40033 ³

4 0037

1 40032 ¹
¹ -0.031 3

—- 0006
4 0017

4 0013
÷ 0007

1 10028 ¹

÷ 0016

4 ().ΟΟ“2 1

ἢν 0001
÷ 0003
11 0001

4 0011 ³

— 0006
44 0011
ἡ 0005
-1 0017

¹ 4-0.005 1

j 0002
0009

2» 0005 , 1

4 0012

1 0006 ¹

-1 0007

2 40006 ’

- 0005 ’

¹ 0000 '
1 40008 ,

1 0001 ’

ΙΙΙ.
” 1,
W Magn. ¹
1¹
42⁵.89 1 31971
1 205 4.1 ¹
4 4.37 38
1 352 2.2
1 426 ¹ 1.8 1
1 395 ¹ 2.5 1
4 620 ¹ 2.0 1
4 585 3.7 1
4 7.96 4.7
4 760 2.4
1 943 ¹ 3.1
4 753 1 44 1
1 525 1.6
1 542 ¹ 4.4
4 5.11 4.1 ¹
—0.57 ¹ 1,0
4 023 1 4.0
4 323 ¹ 2.9 *
323 3 4.1
059 29
4 091 3.1
4 1.10 3.4
112 2.1
4.70 43
2 542 4.4
1 331 49
1 437 49
4 437 45
4 395 4.4
4 416 3.1
4 3 31 4.9
4 078 ¹ 38
4 307 ³ 42
1 418 1 49
4 331 4.8
4 371 26
4 323 36
4 4.01 3.5
4 3.1O 4.9
4 342 42
1 247 42
289 3.7
1 270 3.7
† 410 ᾗ 3.6
4 213 , 37

 

