Swnms IN STELLAR STATISTICS.

stars of specu-al type B.

 

Square

 

 

N:o

*IOEU'Q &mv-⁶

20oe

10
11
12
13
14
15
16
17
18
19
20
21
22
23
24
25

26
27
28
29
30
31
32
33
34
35
36
37
38
39
40
41
42
43
44

444444444444444444 4-1-44 444

44444444444

4444

 

4444

30
16
17

11
69
34
93

57,

34
26
18
29
31
19
26
69
46
20
45
34
31
12
82
32
32
22
22
18
39
21
19
19
17
22
37
15
25
25

111

6,
20’
13’

16

15’

444 444444444444444444 4444 444

 

4444444444444444

24
27
25

7
21
12
56
33
22
17
12
20
21
14
19
51
34
15
43
38
31
11
77

303

42

3334

43

34 , η
46 ss 1-
34

31
33
30

38i

78
26
48
51

12 ’
65 >⁴

47

58 -ν
55 1

11444444·

ΙΙΙῙΙ

 

’4441111

Φῡ-*Φοδιῡ-*Οὲ-*ῌΝὶίϋίὺέἶέἱαὶω §002011-0-7’

»-

11111]

μιν-ι
1—ss—

 

,-

υἱ

4 1 ι
Nova Acta Reg. Soc. Se. Ups.. Ser -1, vol. -1, N. 7. Impr. ’7 1916.

 

TO

 

III.

 

π

 

42
36
34
19

1 82
37³
111¹

71

41 ,
’ 31
J 21
1 35

37
27
33
88
59

’27

65
56

44,
16ζ
111
43,

53

139]
ᾗ 481
138
1611
40ἶ
³ 36’

38

γ34ν

43

’86

30
54
57

23
313

69

1503
61’
58,

 

 

0”.ΟΟ49
00057
00061

00108
00025
00056
00018

00029
00050
’ 00066
00098
00059
00056
00076
00062
00023
00035
00076
00032
00037
00047
00129
00018
00048
00039

00053
00043
00054
00034
00052
00057
00054
00061
00048
00024
00069
00038
00036
00090
00159
00030
00041
00034
00035

 

rc

58
48
48

35
100

55
128

86
57
47
38
51
53
41
48
102
73
41
78
67
58
32
126
59
65
52
59
50
75
52
48
50
46
55
96
42
64
67
36
27
76
57
68
65

48
34
35

29
87
52
111

75
52
44
36
47
49

4 4444 444

4„

14444

37
44
87
64

 

38
63
52
49
30
100
50
50

40
40
36
57
39
37
37

444 44444444441

35
40
55
33
43
43
29

44444444444

24
38
31
34
4 33

4 ,1,

44

 

4 24
4 27
25

,11

21
12
56
33
22
17
12
20
21
14
19

34
15
43
38
31
11
77
30
42
33
43
34

44 444444444444444444 4444
0
μ..

46
34
31
33

1441

 

30
38
78
26
48
51
21
12
65
47
58
55

14444

 

4441

4444

t

’111111114

1-1- 144441

1

- 4
..-

4144444

Ι

 

κὶωκὶέῥωμοωῶωωωιοωὼμιμω endam»-

 

11114-

⁴11

