 

108

m .

8.

woeqaovaz-wno—'O oeoeqau·

O

ἲ5019
5948
5495
5754
6096

= 63.10 ¹

6607
69.18
7244
1 7586
7943

 

 

1

50.35
5272
5521

ζ5781
6053ἰ

6339
6637
6950
7278

’7691

,7980
8318,
8740
9190’

,95501

83.56
8750
9162
9594

 

2

5058
5297
5546
5808
6081

ss3sss}
Ὶ6668

69.82
73.11
7656

8077’

8395
8790
9204
9638

3

5089
5891
15579
5834
’6509

6397
6699

 

37345
7691

9247
, 9683

-ὤΞΦὴὶῧόἥμ-

70.15 ’

8054’
8433Ἰ
,88311

 

4

51.05

1
1

5346ἷ
5598Ἰ

ἰ5861

61.ὃὸ
64.27

70.47

51.29
53.70
5633

1 58.88
j 6166
ἦ 6457
6730 ’

7379’

77 27
8091
8472
8872
9290
9727

67.61

74.13
77.62

1 8128

8511
S9.13
9333

1 9772

 

5152
5395
56 49
5916
61.94

6486

E6792
70791

71,12
74.47
7798
8166
8551
8954
9376
9817

 

7

51.76

5675

5943 ’

6223

6516 ”

6823
7145
74 82

7834 ·,

8204
8590
89 95
9419
9863

 

C. V. L. CHARLOER, STUDIES IN STELLAR STATISTICS.

8

5490 ἕῡἏΟΟ

5445
5702
5970
6252
6546
6855
71.78
7516

787οξ

8241

869οἑ
90861
94691

9908

HL

5224
5470
5728
5998
6281

6577
6887
7911
,7551
7907
8979
8670*
9078
9506·
,9954

 

 

