 

60

ι, Nm

89
90
91
92
93
94
95
96
97
98
99
100
101
102
103
104

105
106
107
108
109
110
111
112
113
114
115
116

» 1117
»1118

»
» 1121

119
120

2 ἲ122
» 123
,» 124

» 125
ῚῚ126

127

128
,129

» ΙῚ130

131
132
133

 

134

 

Β.Ρ.Ο.0011818113510111

Cygnus
5325 =>
Cepheus
5350 Cygnus
5361 »
5375
5414 >
5453 Cepheus
Cygnus
5471 >>
5488 Cepheus
5512 Cygnus
5516 »
5525 Cepheus
5563
5580 Cygnus
5609 ‘
5628
5629 ›>
Cepheus
5764 Lacerta
5810
5833
5832
5856
5913
5918
5933 Andromeda
Cassiopeia Ἴ
5955 »
6046 >>
Cepheus
Andromeda i
6155 Cassiopeia ’
27 Pegasus
124 Pisces
546 Aries
641
648
679 Cetus
692 1
761 ³ Aries

 

1 Taurus

 

C. V. L. CHARLOER,

 

 

1
Name Sp. Mag. α
Β 0 ,69150 20264
, Β 3 541 2065
Β 3 636 2058
λ 35 4.47 2072
Β 4 489 2076
Β 0 635 2080
Β 3 4.68 2083
Β a 524 2096
¹ Bl 565 2116
Β 5 632 2120
ι Β3ρ 442 2123
Β 3 518 2129
Β 0 584 2136
Β 3 520 2139
Β 5 5.42 21.43
Β 2 4.87 γ2159
71¹ B3 478 2164
“1² Bo 426 21.72
Β 3 554 2181
Β ³ 554 2181
Β 0 648 2196
Β 5 466 2228
Β 3 454 2244
Β 5 536 2252
Β 5 536 2252
Β 518 2262
Β ³ 55412286
’ Β 3 52012288
0 1133 363 2296
Β 2 687 2297
³ Bo 493 2304
132 628 2305
= Β 0 073 2326
, Β ³ 489 ,2342
1 Β a 59412370
Β 0 636 1,2390
σ ss Β 2 193 712390
γ ’ἲ Β 2 287: 014
Β 3 5864 053
Βῆ 553, 232
π Βῡ 5301 2.7314
σ Βε 5461 277
λ Βε. 4691 291
Β 5 5631 295
τ ’Β3 5.17Ἰ 326
, Β 0 699 331

 

 

 

 

 

 

 

 

ὸ· 50 ‚10
435007141947 4 336 4-
4 499714 12.Ο7 4 022 4
4 567714 1846 4 196 4
4 361214 7.68 4 1.13 4
4 45.73,4 951 4 021 4
4 3247’4 1797 4 326 4
4 440014 861 4 028 4
4 4575141116 4 006 --
4 5957 4 1317 4 250 4
4 4175541831 4 109 -
4 34474 742 4 062 4
4 644314 10.37 4 2.71 4
4 3623 4 1433 4 06014
4 365714 1068 4 035 4
4 66374 1143 4 340 4
4 6162 4 906 4 235 4
4 5Ο.72 4 8.91 4 1.38 -
4 488344 7,01 4 1.03 4
4 5532 4 12.51 4 2.77,-
4 553214 1251 4 277 4
4 6200 4 1883 4 576 4
4 46024 823 4 173
4 426014 7.67 4 161 -
4 3210141101 4 2214
4 3940141101 4 221 4
4 397014 1009 4 226 -
4410741177 4 335 4
44813141021 4 340 -
4 417814 4.85 4 1.49 j
4 593014 2182 4 913 —
4 588714 891 4 380 -
4 5922141656 4 7.12 j
4 60.60’4 2007 4 942 4
4 579814 854 4 413 4
4 66224 1343 4 74614
4 318014 1456 4 738 -
4551814 840 4 4.71 4
4146214 225 4 1.27ζ
4146714 811 4 625
4104514 25914 92434

170314 2514 9391
4 146714 227 4 10034
4 8,5Ο,4 0.70 4 689 -
4 39534 020 4 1030 4
4 207854 19414 9.66’
4 28304 656 ’ 4 238714

 

