 

STUDIES IN STELLAR STATISTICS. III.

 

 

 

 

 

 

 

 

 

Square Nzo 22⁰ y⁰ ¹¹ ν’1 1 π ¹ re wc yn
Ι
¹ ¹ ¹ ¹ ¹ ¹ 1

Ε, ¹ 552 4 18 4 3 ¹ 4 2 1 18 010115 41 0 4 3
» =553 423451-3123 00090 745145
1 554 4 37 1 0 4 41 37 ᾖ 00056 20 ¹ 4 19 ’ 0
»15551452149145153 00039135 43449
1556146314914216310003314644549
1557 489 4201412192 0.0022; 741471 420
1,1558 412142 0112 001721714642
»1559 45314414315310,0039136’435 4
1560 4411451431411000501251423145
,11561 42245142122100094 714445
Ε515624442144146142100049126142414-1,
»156314484944 49 00042 32143049
156414494614 815000041 3414311446Ἶ
» 1 565 ¹ — 60 4111)Γ 4 61Ἰ 00034 4414 42 -4 11
5661418441 01800115 6, 0144,
1567451410143 52100040 3343314101
156814601413431611000341441-424131
156914364843371000561211418481
» 570 4501414 0 511000401351432 4141
1571 485 427145881000231721467 4271
»’572“480 42814101851000241168 46214281
» 573 46614204 4169 00030152 44814211
» ,5741459 416 4 3161’0,00341441441 4161
» 575 4 68 4 21 4 1 1 70 ’ 00029 1 541 4 50 4 21
1 576 4-107 4 32 ¹ 4 21111 00018 1 9514 89 ’ 4 32
577 4274814112810007411314948
»’57814971432142103100020 8514794321
» 579 1 4 81 4 26 ¹ - 11 84 00024 68 4 63 261
9 ⁴ 580 4 64 4 23 1 4 5 1 68 00030 ¹ 51 4 46 4 23 “
» 1 581 1 4 97 - 23 4 23 101 ¹ 00020 1 87 — 79 4 23
1 582 ¹ —105 4 40 4 9 111 1 00018 ¹ 96 4 87 4 40
583 41646.41117’001211714246

» 584 4814271 01851000241,691463 427
1, 585 48242814118610002417014644281
586 1 4 92 4 32 ¹ 4 1 97 , 00021 1 81 4 74 4 32 ’
1) ³ 587 ¹ 4 62 4 21 4 2 65 00032 1 49 4 44 3 4 21 1
» 15881496 432 4 51100 000211851478 4321
» “ 589 4 90 = 4 34 4 3 ¹ 96 00021 ¹ 80 4 72 4. 341
» 5901460 42445164 0003214814421424;
» 1 591 1 4140 4 47 4 7 148 00014 1 131 ¹ 4122 4 47 1
» 1 592 —117 — 43 4 1 124 00017 ¹ 108 g 4 99 1 4 43 1
» 593 1 4 35 4 14 ¹ 4 3 1 37 ¹ 00056 1 22 4 17 4 14 1
; 594 , 4 88 4 31 1 4 4 93 00022 77 4 70 4 31
s> ζ 595 1 4 40 4 15 1 0 ¹ 42 00049 27 4 22 4 15 ,
» = 596 ¹ 4107 4 41 4 3 ¹ 114 00018 98 4 89 4 41 1
» 1 597 4 58 4 22 1 4 2 61 00034 46 4 40 4 22
1598 41145141 12 00172 947145.

 

Nova Acta Reg. Soc. Se. Ups„ Ser 4, Vol. 4. N. Τ. Impr. ¹² 7 1916.

..-

114444444444444141444
u·-

÷[÷÷†÷1÷

ostes—1ss-oet-aoop-..m—mavuonpwwffio-wmvxquomffl‚aqqqss-oemoeo wxlxlffloemn-oeu-to

1

 

14444444

μ..

44444444

4..
..-

