2 Nm SVEDELms„

Sporon Ι111]11(11(16 111011051101611 11111611, (116 51611 011116 Ιῖ6(1111(110115161111113
61111116116111, 011110111 516 1111 1111113611 111 11101111101031561161· 11111516111. 1101-
111111611 ’116111151101611 1111113 1101110103 sind. 1111· 1*01·1(0111111611 1111 (11656111661115-
111(11111(111011 516111 11150 durch-aus 1116111 111 Widersprueh zu (161 1110(16111611
111111115511113 von (10111 (16116111110115116611561 (161 Florideen. wie 65 51611
zytologiseh 11111 1111111161] 1161161113611 Τ611115Ῑ101611 an (16561116611151110111-
(111611 161111111, 11161111 110611 zu 611015611611.

Die 111161111611113516 110611 1103610516 1311136 1111 Ζ115111111116111111113 11111
(16111 (316116111110115116611561 (161 Ρ101’1(16611 151 1110655611 (116 1111611 (161· Reduk-
110115161111113 1111(1 (16111 (16116111110115116611561 (1611116111 161111511016111111-
(1611(1611 111011(16611. Π1656 konnen 1111111111611 111111115311611 6111611 (16116111-
110115116611561 1111611 (16111 01161161111111111611 Ροῖῃδῑῖχήιοη1ῗιι-Τγρ115 11611611, da
516 1161116 Τ6116ι51101611 111111611. 11116 1761111111611 516 51611111111ἶ) WOLFE7
(161 (161· 61516 war, (161, 111 56111611 >>(ζ1)’1010316111 studies 011 Νθυῑιιίίωῑ»
(1904), 1111 (1611 1161511611 1161111131113, 11111 Ζ)’101(;13156116111 111636 (1115 (116116-
111110115116611561[1101116111 (161 Fun—{doen zu 105611, 3111111116 1111611 1161 (116561
1116111, 1611115]1016111111(1611(1611 1411011066 3611111(1611 zu 111111611, (11155 (116 Reduk-
110115161111113 (161 1311011113 (161 Karposporen 11111111116111111 101116131113, 111111-
1611(1 (116 11111161611 81110160 (165 (1011111101111151611 1111 Zystokffl‘p dagegen
1111(111116111(1 (116 diploide (11110111050111611211111111111611. 11011111] 110111116 3161611-
wohl 11161111115 111161111615611, wo (11656 116(1111(110115161111113 1161 Νωηαίίοη
5111111111061, 1111(1 5611011 11115 (11656111 (11111106 kann ja 561116 [11116151161111113
1116 1115 (116 1111511113 (165 Ρ1·011161115 1111365611611 werden. 1611 habe in
1111(1616111 2051111111161111111136 1»(36116111110115116611561 1161 Deles-serm», 1911,
S. 266, 316) 5611011 11111161· 11111 (116 [1111111111561161111161111611 (161 Αι11111111116
1110111115 111113611165611, (11155 (110 Η6(111κ110115161111113 111 61116111 1116111 101·-
3656111111611611 Stadium (161 (30111111011111516116111111611111113 11111111116111111· vor
(161 Ι(111-110511016111111(111113 5111111111(161. Es ι56111611 11111· 1111111-561161111161161,
(11155 516 1161 (1611 6151611 Τ61111113611 (165 1161111611161611 1111161115 zu 511611611
111116ὖ 111161 611611 (11656 Studien 1111116 WOLFE 1116111 ν61101317 1111(161
561161111, 11111611 1111611 1161116 1165000616 11161111311611 116136111655611 zu 111111611.

Α115 all (11656111 36111, 11150 1161101, (11155 (116 Η6(111κ110115161111113 (161
1116111 161111511016111111(1611(1611 1310110661] 110611 61116 0116116 Frage 1517 (116
5611011 11115 (11656111 (111111ᾶ6 11116 1111511113 1611111131. Α1161 (11656 Frage
besitzt 1116111 11111 1111 Sonderinteresseq 5011(16111 516 hat auch weitgohende
11113611161116 Β6(1611111113 1111 (116 Κ11115161111113 (161 5)*51611111115611611 8161111113
(161 31055611 11110110661131111111611 111116161111111061. wir wissen 111, (11155 (116

