 

 

J]

90
κικωιῡι-Ὀ ωοοκιεῑωιιε-κωιεωο

oeoeqmwa-wm--zz ωωωωωυμωιθι-Φ woeqmvva—*octe-o

 

STUDOES ,ΙΝ STELLAR STATISTICS.

 

 

 

O 1 1 3 1 3 1 4
6310 6339 6368 6397 6497
6607 6637 66681 6699 6730
6918 6950 69891 7015 7047
7944 7373: 73111 7345 7379
7586 7691 76561 76911 7797
7943 7980 8017, 80541 80911
8318 8356 83951 84331 8479
8710 8750 8790 88311 8879
9190 9169 9904 9947 9990
95501 9594 9638 9633} 9797
1000 1005 1009 1014 ;10,19
1047 11059 Ὶ1057 1069 11067
1096 1109 1107 11.19 11147
1148 1153 1159 1164 ἴ1169
1909 1908 1913 1919 11995
1959 1965 1971 1976 ῑ19.89
1313 1334 1330 1337 11343
1380 1337 ]13,93 ,1400 ’1406
1445 1459 1459 1466 1479
1514 1591 Ἰ1598 1535 1549
1535 1593 11600 {1607 11614
1660 1667 ,1675 11683 11690
1738 1746 11754 1769 11770
1890 1898 11837 11845 11854
1905 11914 ἶ1993 1939 11941
1995 Ἰ9004 19014 9093 9039
3039 ¹⁰20.99 3109 3113 33133
3133 3193 19908 9918 9998
Ἰ9991 9301 9349 9393 9333
’9399 9410 19491 9439 9443
9.).19 19593 19535 9547 95 59
9630 19649 9655 9667 9679
9754 19767 9780 9793 9805
9884 19897 9911 9994 ,9938
3090 3034 3048 3069 13076
3163 3177 3193 3906 13991
33.11 3397 3349 13357 13373
3467 3483 Ὶ3499 13516 3539
3631 3648 3664 3681 13698
3809 13819 13837 13855 13873
3981 13999 14018 14036 14055
4169 14188 ι4907 Ἰ4997 4346
4365 4335 4406 4496 4446
,4541 ’4599 4613 4634 4656
4786 Ἰ4808 4831 4853 4875

 

 

 

 

 

5 ζ 6
6457 6486
6761 67991
7079 7119
7413 74471
1 77691 7798
81981 8166
8511] 8551
8913 8954
9333 9376
97791 9817
11093 11098
11079 11076
1199 1197
11.75 1130
1930 1936
1988 1994
1 1349 1355
’1413 1419
’ 1479 14 86
11549 Ἰ1556
1699 ’1699
1698 11706
1778 11786
1869 ’1871
1950 1969
9049 3051
,9138 9148
Ἰ9939 9949
19344 9355
9455 ’9466
9570 ’9589
,9699 9704
19818 ¹3331
19951 19965
13090 33105
’3936 13951
13388 13404
3548 13565
3715 13733
3890 13908

 

x,4074 4093
14966 4985
7 4467 4437
14677 14699
14898 Ὶ4990

 

 

 

 

ΙΙΙ. 107
, 7 S )
1
- , 1
6516 65461 6.577’
6893 6855 6887
7145 7178 7911
74891 7516 7551
7834 7870 7907
8904 89411 8979
8590 8630 8670
8995 90361 9078
9419 9463: 9506
98631 99081 9954
1033 1038 11049
1031 1036 Ἰ1091
11139 113811143
’11.86 ι1191 1197 =
1343 ,1947 1953
1300 ’1306 1349 ’
1361 Ι1368 11374
1496 11439 11439
1493 11500 11507
1563 1570 1578
1637 1644 ’1659
1714 11799 11730
1795 11803 1811
11879 11888 :1397
11968 11977 11986
19061 19070 ,9080
9158 19168 9178
’9959 19970 ’9980
’9366 9377 3333
j3477 9489 9500
9594 9606 Ἰ9618
9716 9799 9749
,9844 19858 19871
9979 9999 >3006
¹3119 3133 3148
:3366 33331 3996
13490 13436 3451
135 81 3597 3614
3750 13767 3784
3996 13945 3963
4111 14130 4150
,4305 14395 4345
’4508 4599 ἶ4550
’4791 4749 47641
4943 Ὶ4966 4989

 

