6

 

 

 

 

(Ἰ, V. L. CHARLIER‚

 

1

1
1

 

v w
† 0''.009 ÷ 2347
0000 † O.99
1 4. 0019 a. 4.37
- 441
4 0021 2 — 0.17
, 4 0027 ÷ 036
ξ 4 0032 1 1.62
4 0031 ἶ 4 057
0028 1 ÷1.83
1 0025 1 4 036
³ 4 Ο.018 ’ 4 1-75
1 40032 4 007
1 4 0034 1 4 1.71
4 0020 41 021
4 0040 4 1.03
1 4 0021 4 057
’ 4 0-019 4 329
’ 4 0040 ÷ ‘2-93
4 0013 4 1.88
- 0005 1- 255 1
4 0039 4 207 ἐ
4 0022 4 500
4 0035 4 061 ,
4 0008 14 057 ’
4 0032 1 120 1
. 0039 4 1,15
1 -4 0024 -- 028 ,
1 4 0035 1 4 091 2
4 0028 4 078
¹ 4 0013 1 41,04 ¹
1 4 0028 1 4055 ἶ
1 40051 4091 1
1 40019 1 4061
’1 4 0052 1 4 102 ’
1 4 0084 1 -0.49
1 4 0053 0-61
1 4 0028 1 4 032 1
1 4 0036 4 028
4 0001 ¹ ÷ 001
1 4- 0042 1 ÷ 2-89
1 4 0086 ’ 4 049 ³
4 0044 4 091 ¹
,4 0044 41- 373 1
4 0008 1 -1 458 1
, 44 0041 1 4,·- 1.94

Square Β. Ρ. CA U
1
2862 l 40”.022
2755 1 40018
Ε,ς 1 3187 1 40042
3699 1 0010
3670 1 40025
¹ 3521 1 40031
3615 ² 40027
’ 3237 1 40035
3328 ² 40048
3564 ’ 40034
1 3565 0023
1 3603 40033
3621 40018
3602 40027
3688 4 0028
¹ 3586 1 4 0018
1 3200 0047
1 3324 3 40039
³ 3358 ¹ 40033
3162 1 40029
, 3577 1 40045
3176 1 40044
Ε, ¹ 3783 , 40035
1 4180 1 40006
’ 3818 1 40017
; 3954 0006
, 4200 ³ 0009
1 3724 ‚ -0034
3745 1 40022
1 3716 η 40051
4281 40019
1 3815 ¹ 40047
, 4287 ss0006
Es 1 4657 ¹ 0010
ς 4431 A 40034
4734 1 0000
⁴ 4565 1 40011
2 4439 1 40004
1 4334 ² ÷0008 *
1 4429 1 40002
13„ 1 5223 1 Ἷι0004
5108 1 10015
μ, ’ 2889 1 40020 ³
1 2457 1 40001
F2 ¹ 3289 g 40011

’ 1 —0029

 

 

Ξ
αξ 1
β

0

,ιν-,ωννφεοεμὺψ &³0³

oewwmoemazbw* 02ss

 

 

A -——n

