Scrnmsss IN STELLAR STATISTICS. ΙΙΙ.

 

 

 

 

 

 

 

 

 

 

 

 

 

 

 

 

 

 

 

Square Nzo ω’] 31⁰ 2⁰ 7 π rc ωε
1
1)3 273 4 28 4 47 4 12 56 010037 49 ¹ - 10 4 47
» 274 4 45 4 72 4 20 87 00024 79 1 4 27 1 72
275 4 30 4 50 - 13 59 0.0035 ¹ 52 4 12 1 4 50
» 276 4 15 4 25 4 7 29 00071 1 25 4 3 ³ 4 25
» 277 4 28 4 48 4 12 56 00037 50 4 10 4 48
278 4 42 4 48 4 20 66 00031 56 4 24 4 48
» 279 4 3 4 6 1 6 00344 16 4 15 4 6
» 280 4 41 4 69 4 17 82 00025 74 4 23 , 4 69
281 4 35 4 56 4 15 67 00031 601 4 17 4 56
282 4 24 4 38 4 10 46 00045 39 4 6 4 38
283 4 60 4 94 4 25 114 00018 , 105 4 42 4 94
284 4 64 4103 4 26 124 00017 ‚ 115 1 4 46 ξ 4103
285 4 75 4122 4 31 146 00014 1 137 4 57 1 4122
286 4 32 4 60 1 4 12 69 00030 1 62 4 14 4 60
287 4 9 4 15 ¹ 4 3 17 00121 18 4 9 1 4 15
288 4 24 4 41 2 4 9 48 00043 42 4 6 4 41
1 289 4 25 4 43 3 - 9 50 00041 1 44 4 7 ¹ 4 43
» 290 4 16 4 30 5 4 6 35 00059 30 ¹ 4 2 1 4 30
» 291 44 47,41’ 8ζο0258 16 414147
4 292 4 5 4 7 ἕ 4 2 8 00258 15 4 13 4 7
» 293 4 23 4 32 ’ 4 7 , 40 00052 33 4 5 4 32
294 4 31 4 48 4 8 57 00036 50 4 13 4 48
295 4 19 4 23 4 5 30 00069 23 4 1 1 4 23
» 296 1 .- 43 4 58 ’ 4 9 72 00029 63 4 25 ᾖ 4 58
1)⁴ 297 4 23 4 34 4 4 41 00050 34 4 5 3 4 34
» 298 ι 4 38 1 4 44 4 9 ¹ 58 00036 49 4 20 1 4 44
>,2991422 4294336 00057ζ291441429
300 4 28 4 24 4 7 j 37 00056 , 26 1 4 10 Ι 4 24
301 4 23 4 29 4 3 1 37 00056 2 29 1 4 5 1 4 29 ⁴
» 302 4 58 4 62 4 8 ³ 85 00024 741 4 40 1 4 62 ’
» 303 ¹ 4 15 4 13 4 3 1 20 00103 1 13 4 3 j 4 13
» 1 304 ¹ 4 35 4 46 4 1 57 00036 49 4 17 4 46
» 305 3 4 21 4 28 4 1 35 00059 28 4 3 4 ·
ff 306 4 20 4 24 4 1 i 31 00066 g 24 4 2 1 4 24 1
1 307’4 25 430 4 1, 39 0005313114 7 430,
1308448 43449159 0,0035146;4301434ξ
13091420 429 41135 00059129,42’4291
> Ι 310 1 4 28 4 25 4 1 37 ¹ 0.0056 1 27 4 10 1 4 25
; 311 4 53 4 32 0 61 1 00034 J 48 = - 351 4 32
131214721451 - 6 88ῗο.00231 74 541451
1 313 , 4 56 4 40 4 3 68 00030 55 4 38 ³ 4 40
1314ξ433142243 39 00053127,415ζ42>
» 1 315 4 19 4 15 0, 24 0.0086 s 16 1 4 1 4
» 13161448 432 4 3, 57 000361444301432
› 13171444 425 4 5150 000411 361426’4254
» 3 318 ’ 4 52 4 30 4 6 60 00034 1 45 4 34η 4 30
»ᾗ319,441424’44,47 00044]33,4231424;

 

5-4 »—
Οὓωσὶαἱωὶῢ

μ
02»—

1111411111

t {Q
‚-

etot—n*—ukt—n—-oeazwtnvnoowoowfflspt-soet-QQ ΟῚΗρωΚΟωΙΟΦθῚν-*Φὲῗζέ

11411

 

 

4444414141

 

 

÷÷1÷÷÷z

44

