 

STUDIES IN STELLAR STAT18T108. III.

 

 

 

 

 

 

 

 

 

 

 

 

 

 

square. Nto ³6⁰ y⁰ ΖΟ rs' π rc occ
1 -
Β2 45 4 13 4 46 9 , 49 j 0”,0042 56 1 4 31 1 4
4 46 4 7 ·- 29 4 6 30 1 00069 38 4 25 ³ 4
47 4 16 4 35 02 38 ¹ 00054 49 4 34
48 4 12 4 41 4 7 ¹ 43 , 00048 4 51 1 4 30 4
49 4 4 4 11 4 1, 11 00188 251 4 22 4
50 4 9 4 21 0 23 2 00090 1 34 , 4 27 -
51 4 12 4 31 4 1 ’ 33 ¹ 00062 43 l 4 30
» 52 4 42 4 87 4 14 97 00021 ³ 1071 4 60 4
4 1 53 4 13 4 18 4 7 4 23 j 00090 ³ 37 1 4 31 4 4
» 1 54 4 45 4113 4 21 123 00017 132 ; 4- 631 4113
Β3 ’ 55 4 18 4 35 4 101 41 , 00050 52 1 4 36 4
>> 56 4 3 4 15 4 2’ 15* 0.0138 26 4 21 4
» 57 4 28 4 97 4 17 4 103 g 00020 109 1 4 46 4
> 1 58 4 25 4 54 4 17 4 61 = 00034 72 , 4 43 4
1 59 4 7 4 36 4 5 37 0.0056 45 1 4 25 4
›> , 60 4 2 4 76 4 7 76 ³ 00027 79 1 4 20 4
> 61 4 13 4 74 4 16 , 76 4 00027 831 4 31¹ 4
» 62 4 19 4 60 4 34 1 71 ; 00029 804 4 37 4
Β, 63 4 3 64 4 46 1 78 ³ 00026 84 1 4 21
» , 64 4 9 4 52 4 37 1 64 1 00032 67 2 4 9 ,
13⁵ 1 65 0 4 27 4 68 73 1 00028 79 ’ 4 18 4
B6 66 4. 4 0 4 7 1 8 ᾖ 00258 25 1 4 22
13⁷ 1 67 4 11⁴ 4 10 4 17 1 22 1 00094 37 1 4 29 -
» 1 68 4 14 4 5 4 13 19 1 00108 37 1 4 32 ·
Β12 1 1 ³, ÷ 3³ 31 333 3113
>> 7 4 7 ⁷ ι 4 1 τ . - 4 4 * --
1 71 4 52 4 13 4 26 1 59 00035 77 1 4 70 4
» 1 72 4 35 4- 12 4 13 1 39 1 00053 57 1 4 53 4 2
1 73 4 51 4 28 4 12 59 1 00035 76 1 4 69 4
1 74 4 87 4 41 4 16 1 97 1 00021 114 4105 4
4 75 4 41 4 16 4 8 45 4 00046 62 4 59 4
» 76 4 37 4 5 4 11 1 39 = 00053 57 4 55 4
1 77 4 32 4 12 4 5 1 34 00061 52 4 50
1 78 4 26 4 8 1 4 4 1 27 00076 45 4 44
B„ ς 79 4 31 4 11 4 4 2 1 33 00062 51 4 49 4
4> ’ 80 4 33 4 1 ¹ 4 7 = 33 2 00062 52 1 4 51 4
=> 1 81 4 32 4 81 4 1 1 33· 00062 51 4 50 4
82 4 55 4 15 0 4 57 1 00036 75 4 73
2 83 442 4 9 4 2Ἰ 43ῖο,0048 61146014
4 84 4 36 4 9 01 37l 00056 55 4 54 -
4 85 4 52 4 2 4 8Ἰ 521 00040 71 4 70 --
» 86 4 61 4 ¹44 4 2 4 62 a 00033 80 4 79 4
87 4 33 4 1 4 21 33 00062 51 4 51 4
88 4 64 3 4 1 64 00032 82 4 82 ’ 4

 

 

 

 

Ξυὶὕὶωωιῶωυ

4444 4444441411
...4

’ωΦΙΦΝὶῆὶΦιρΦῦ-*Φ

 

 

4444444444 4444444444 44 4 4 44 4444

