 

 

C. V. L. CHARLIER,

 

Nzo 'B.P.C. Name} Sp. Mag. α δ ξ’ ⁷7⁰ 1 ζο

1 Ξ

³366 3955 Libra 133 Ι’5915 1511484 8⁰83 4 015

Constellation

 

 

 

 

924 544

l

 

 

 

 

 

 

 

 

 

4,

›> 367 3973 Scorpius Hev. sss 380 1554 4 29.43 - 1.40 4 538 ÷ 154
1 368 4019 · 5 ,Ba Ἴ 477 15754 9543, 4 143 4 851 4 953
,> 369 4034 A 8³ 456 15794 9509 196 4 811 4 939
x 1370 Bo 2 601 1581 9705 4 973 4 1514 4 4.04
» 4371 4059 - ρ 33 , 409 15.85;4 9899 4 190 4 6.09 4 144
» 372 4059 Libra Ba 468 1588241398 4 011 4 795 4 333
f> 373 4062 Scorpius π 3911 3.(ὶο 1588 ff 2582 ⁷— 058 4 3.80 -1- 1.02
>1 374 4066 ὸ· ῑ36 ¹ 954 1591 9933 4 030 4 906 4 094
375 4086 4 β ’31 990 1599 41959 4 017 4 861 4 1,16
376 4087 31 506 1599 41959 4 044 4 977 4 3.16
377 4093 ¹ ω1 132 ³ 4.13 1609 4 9038 4 036 4 640 4 197
378 » 02 80 6.77 1608 4 9688 4 986 -- 9190 4 4.71
379 4115 2 Bs g 470 16.10 - 9767 4 1.18 4 846 4 1.73

» 380 4117 -v 8³ ¹ 499 1610 41990 4 015 4 690 4 909
» 381 4116 33 ῑ 649 1610 41918 4 049 41904 4 573
» 389 » Bo 634 1013 4 9417 4 157 41796 4 430
» 383 4158 » σ 31 308 1695 4 9535 4 034 4 404 4 081
» 384 4178 34 599 1633 4 9390 4 047 4 1081 4 999
» 385 4183 Ophiuchus ρ Ba 485 1635 41899 4 097 4 909 4 937
, 386 4198 Scorpius 2 B3 487 1640 4 9488 4 050 4 996 4 165
» 387 4218 » τ Bo 991 1650 4980οῚ4 0314 877 4 048
» 388 4225 Ophiuchus ζ Bo 270 1653 — 1035 4- 0.57 - 326 ψ 1.03
» 389 4399 » 3 133 337 1726 — 9488 4 030,— 4.71 4 004
>> 390 4495 Sagittarius 133 6.16 1770 4 26.Θὸ ÷ 1.46 — 1698 - 168
» 391 4549 » Ἰ36 573 1793 4 9977 4 944 4 1870 4 154
, 399 4 Bo 83 1793 4 9750 4 465 4 4494 4 680
393 » ,30 89 1794 4 9937 4 394 4 4991 4 794
394 ⁴80 685 1794 4 9073 4 485 4 9989 4 996
395 0 80 89 1797 4 9738 4 470 4 4985 4 680
396 „ Bo 81 11814 4 9887 4 493 4 4059 4 840
397 4619 » Bo 549 1815 - 9075 4 978 --11.67 4 171
398 4613 a B] 609 41816 4 9049 4 3751- 1539 4 999

» 399 ,30 89 11899 -18.20 4 11.97“- 4155 4 584
‚ 400 » 36 684 1879 41650 4 896 4 9107 4 574
, 401¹ Bo ¹ 706 ,1880 4 2488 ÷ 5.77 - 238714 798
» 4094783 scutum :135 504 1889 41579 4 874 4 915 4 951
, » 403 4784 Sagittarius σ 33 914 1889 49649 4 054 4 947 4 086
„ 404, κ» ³130 673 1887 4 9055 4 660 - 9014 4 659
, » 4054816 4 35 536 1890 41997 4 490 - 1034 4 987
f» 406 4865, 33 541 1904 41943 4 396- 1073 4 3.88
» 407 4883ί Aquila Ὶ33 537 1919 4 810 4 598 4 979 4 399
» 408 Sagittarius 'Bo 638 1926 — 1942 ‹1- 647 416.31=4 6.95
» 40915003 Aquila κ 30 504 1959 4 793 4 559 4 7.84 4 844
, 4105004 » ι 35 49841959 4 150 4 445 4 593 4 909
, » 411 5087 » Ba 578 1989 4 848 4 7.79 410.55 4 585
» 41945088 ,, 133 653 1989 4 848 4 1090 4 14904 828

 

 

 

