 

Square

C2
»

 

 

Nzo

135
136
137
138
139
140
141
142
143

1 144

145
146
147

146 ¹

149
150
151

1152

153
154
155

156 ³
ἶ 157 ,
156

159

J 160

161

162 3
163

, 164
j 165
166 =
Ἰ 167 ,
’ 166 ¹
169 ³
1 170
, 171
1 172 ›
= 173
¹ 174 ⁴

175

’ 176

177
178
179
180
181

 

 

14414444

11111111111111111-1-1711

11111111111111111

STUDOES IN STELLAR STATISTICS.

 

πθ

υ-ι tamt—(0
Φῡῑωωων-

10
..-

l

μ

(Ο ›— μ Ν) (ὒν-ι- ῥωω Ν)
oeoemmwwvxss-ww—oewoea-›c-a-w

<0
<Db-*1

 

,ΗΟ

37
18
23
20
35
22
12
32
36

22
52
39
33
77
18
19
51
44
54
32
51
28
14
52
44
40
53
32
59
52
’ 105
24
40
44
53
23
40
62
14
54
35

444444444444444444444 444444444

4444444444444

32

1
{2

45οζ

4 100

464,

 

1ΙΙΙΙ1

1

11111111111

1

41111

26 1 ’4

444.

Ν) n-
—xloemw

t-a—
<0 tombs]

›-⁴ (ὒν-*μ* ι·- ι-Δ ι- ι-ι ι- 0³·- Η
*Αωεκήιὸὶωμωμε-ιωοιῶωσαι-*κιωωκισὶσὶωρωμ

ωΦῑΘΦμρῑΟ-ὬΟΕΟ

39
19

24Ἰ

21
, 41
23
12
46
41

23
53

37

87

20
⁴ 21
57
44
59
35
56
31
1 15

¹ 49
41
56

464

116
26
44
45
59

24,

40
67
¹ 14
58
35
29
1 33

 

, 56
1 102
1 64

 

’Π

1

040053 1
00106

00066 ;
00096
00050
00090
00172
00043 ἶ
00050 ¹

00090 ⁴
00039

00053
00056 y
00024 1
00103
00096
00036
00047
00035
00059
00037
00066
00136
00039
00042
00050
00036 1

 

00064
00032 ¹
00036 3
00016
00079
00047 2
00046 ’
00035 1
00066 1
00052 ;
0.0031
0.0147 ,
00036 1
00059
00071
00062
00032 ,
00041
00020
00032 J

 

1 100

451

23 ¹
32
29
41
31
23 1
36 1
41

27 '1
57 1
44
35 ,
83

ΙΙΙ.

4

4 4

 

22

22 ἵ
53 1
47
55
33
52
29 ;
19 .’
53 1
45 1
42 =

 

35Ἰ
6οἷ
531

14414444 444444

1

1

4-

1141414441

110 ¹ --

‘26
40 ’
45
54
25
43
63 ¹
22
54
39
27
34
59
52

 

00

4

1 4

14144

444

15

 

4-
02
q

4444444444444444 44444444
1
q

 

1 ἰ

44114-

63

..-

rat-⁴

«ltomotowqcaaoen—mwwaeEss—*lv* wwowxlwtbwto

‚-

..-

 

(QOGQQQJOmeQQQD-oet-*WOOEQOEDQ

...μ

