78

s 508

> 513

 

 

C. V. L. CHARLIER,

 

 

 

 

 

 

 

 

 

 

 

 

 

¹ . 1 Nzo B.P.C.{Co11stellat10n Name,¹ Sp. Magn? α ¹ ὃ ξ’] , ηθ ζθ
1 1 ¹
2505 2166 Vela 33 411179 8h.10 347005 3 902 3 0.75 3 0.72
3 506 2171 3 33 54οξ 811 3 4763 31195 3 089 — 1.01
3 507 ,3 33 5941 814 34815 31533 3 100 -3 133
3 33 608³ 815 3 4595 -1635 3 152 3 098
» 509 2187 Puppis Bsp 4771 846 — 3558 — 873 † 207 1- Ο.51
3 510 2188 3 33 5.12; 817 3 3602 -1029 3 238 3 052
3 511 2190 3 33 6101 817 3 3183 31586 3 4.60 3 1641
3 512 2191 vela 33 5281 818 34668 31132 3 091 - 074
B3 75 ἦ 818 34627 3 3144 3 271 3 189
514 Puppis B5 675 818 3 4052 - 2208 3 362 3 0.10
3 515 2196 vela Bo ¹ 6023 819 3 4552 31591 3 151 3 081
, 516 3 33 657, 820 - 4617 3 2051 3 175 - 1.17
3 517 2217 Puppis 33 5171 829 3 3615 31055 3 221 3 0.76
» 518 2225 Carina 135 007 832 - 5765 — 1607 — 132 — 277
3 519 2226 Vela 3 33 490 832 34817 3 953 3 040 3 059
> 520 Puppis Bo 620, 836 — 4245 -17,27 ÷ 139 3- 0.16
3 521 2249 3 33 530 837 3 4182 31139 3 139 3 021
,522 2250 11313 33 523 838 3 5140 31108 - 006 3 101
3 ’523 2257 Pyxis Bo 582] 840 3 3477 31419 3 302 3 152
3 1524 Vela ’33 594 843 34583 31535 3 135 ÷ 005
‚ 525 2266 3 A 33 552 843 3 4758 3 1270 3 050 3 051
3 526 2267 Bo 506} 844 3 4438 31024 3 082 - 003
3 527 2270 3 33 611 844 3 4600 31664 3 097 3 034
528 3 33 649 845 - 4440 -19.80 3 153 000
3 529 3 33 650 847 3 4753 31993 3 070 3 070
2 530 3 33 638: 849 3 3803 31859 3 289 3 152
xx 531 2298 Carina (²¹ Ba 5403 855 3 5737 3 11.83 - 128 — 1.77
3 532 2319 vela B5 560 861 3 5308131311 3 067 3 111
3 533 2322 3 33 536ἲ 862 - 52.70;— 1186 3 057 3 092
3 534 2325 3 ο 33 868 862 3 52571- 542 3 025 3 041
3 535 3 Bo 614 863 - 4857 31589 3 003 3 044
3 536 2331 Carina <l 32 442} 864 3 5940 3 748 3 102 3 120
3 537 2332 Vela B5 523 864 3450531111 3 050 3 020
3 538 2337 3 33 548 865 347731- 1246 3 013 3 018
3 539 2341 3 33 504, 866 - 5275 - 1015 - 055 -- 075
3 540 2342 Pyxis α 33 370³ 866 - 32 82 - 532 3 105 3 092
541 2360 Vela 135 554 872 3 4553 3 1281 3 037 3 0.27
542 2363 Casina f 33 463 874 35640·- 833 - 090 — 093
3 543 2382 Vela f Bo 4891 879 3 4615 - 950 3 012 3 021
3 544 Carina 33 598 886 - 5907 31533 — 253 - 223
3 545 2408 vela H 33 477 889 3 5233 3 897 - 066 - 038
546 2414 Carina 5¹ 33 508 891 - 5883 31018 3 156 3 129
3 547 Vela 33 701 896 3 5117 3 2517 3 173 3 053
3 548 2428 3 33 554 896 -- 4147 31274 3 056 3 135
3 549 3 33 608 901 3 47051- 1642 3 045 3 065
3 550 2467 3 133 406ῗ 912 34445 -- 9.76ι3 013 3 085
551 2472 3 1130 592¹ 913 34617 - 1524 3 052 3 099

 

 

