STUmEs ΙΝ STELLAR STATISTICS. III. 73

 

 

 

 

 

 

 

 

 

 

 

 

 

 

 

 

Square ἵ Nto ,ιθ y⁰ ἵ 2⁰ rs* π 3 rc · xc ¹ με 20
D8 366 4 1 4 32 4 19 , 37 ¹ 0''.0056 44 ² 4 19 4 32 ³ 4
4 367 4 5 4 19 4 5 1 20 3¹ 00103 25 4 13 4 19 ¹ 4

368 4 5 4 30 4 9 4 31 ᾗ 00066 35 4 13 4 30 4

369 4 4 4 26 4 6 1 29 ; 00071 34 4 14 4 26 4

370 4 6 4 47 4 12 ¹3 49 ¹ 00042 51 4 10 4 47 4

,4 371 4 4 4 21 4 5 4 21 1 00096 27 4 14 4 21 4
» 372 0 4 26 4 12 30 3 0.0069 37 4 18 4 26 4
4 373 4 4, 4 26 4 7 27 4 00076 32 4 14 4 26 4
374 4 1 . 4 9 4 3 9 1 00229 20 4 17 4 9 , 4

375 4 1 4 29 , 4 9 30 1 0.0069 36 4 17 4 29 “ 4

, 376 4 4 4 79 4 25 j 62 00025 65 4 14 4 79 ¹ 4
D„ 377 4 2 4 44 4 13 ³ 45 ¹ 0.0046 50 4 16 — 44 ¹ 4
378 4 9 4 68 4 15 ’ 70 ¹ 00029 71 4 9 - 68 4
» 379 4 4 = 4 30 4 6 1 30 ¹ 0.0069 35 4 14 4 30 4
4, 360 4 1 4 24 4 7 , 25 00062 · 31 4 17 4 24 4
44 361 4 2 4 67 ¹ 4 20 69 ᾗ 00030 73 4 16 4 67 4
4 362 4 5 4 56 4 13 ¹ 57 ¹ 00036 60 4 13 - 56 4
363 4 3 4 33 4 7 ¹ 33 4 00062 36 4 15 4 33 4

364 4 2 4 35 4 6 35 Q 0.0059 40 4 16 4 35 4

44 365 4 1 4 32 4 6 33 00062 39 4 19 4 32 4
4 366 4 2 4 32 ¹ 4 6 32 Ξ 00064 37 4 16 - 32 4
,4 367 4 1 4 12 1 4 1 12 1 00172 21 4 17 4 12 4
4 366 4 2 4 10 Ι 4 3 10 00206 23 4 20 4 10 4
44 369 4 1 4 16 1 0 16 1 00129 25 4 19 4 16 4
44 390 4 5 4 59 3 4 6 59 ἦ 00035 63 4 23 4 59 4
» 391 4 6 - 42 ¹ 4 5 ¹ 43 , 00046 49 4 26 4 42 4
4 392 4 14 1 4139 ¹ 4 21 142 ζ 00014 144 4 32 4139 4
393 4 10 ¹ 4133 1 4 22 135 · 00015 137 4 26 4133 4

394 4 15 1 4 71 4 7 72 00029 76 4 33 4 71 4

= 395 4 15 ¹3 4132 4 21 135 ¹ 00015 137 4 33 4132 ¹ 4
D¹0 396 4 13 -125 4 26 126 00016 ¹ 131 4 31 4125 4
¹ 397 4 9 4 36 4 5 37 ¹ 00056 ¹ 45 4 27 4 36 4
¹ 398 4 30 -124 ¹ 18 = 126 ¹ 00016 1 134 4 46 4124 4

ι 399 4 37 -126 ¹ 4 13 134 00015 3 140 4 55 -126 4
400 4 26 - 65 ¹ 4 18 72 00029 1 80 4 44 - 65 4

4 ’ 401 4 18 4 74 1 4 25 60 , 00026 65 4 36 4 74 4
44 1 402 4 12 4 30 1 4 8 33 00062 2 43 4 30 4 30 4
» 403 421-9ῇ43; 9ἧο.0229’22 42049 4
1. 404 4 20 4 - 62 1 4 20 68 0.0030 74 4 36 4 62 4
44 ¹ 405 4 16 ¹ 4 34 ¹ 4 9 38 ᾗ 00054 46 4 34 4 34 4
4 406 4 14 4 38 ; 4 14 , 42 00049 51 4 32 - 36 4
407 4 21 4 34 ¹ 4 11 , 41 ¹ 0.0050 52 4 39 4 34 4

406 4 20 . 4 50 ¹ 4 21 3 57 00036 65 4 36 ξ 4 50 4

409 ¹ 4 17 4 24 4 11 31 0.0066 43 4 35 4 24 = 4

410 -, 4 15 4 17 4 7 23 00090 37 4 33 4 4 17 4

411 , 4 27 4 37 1 4 20 1 49 1 00042 60 4 45 4 37 4

412 4 36 4 52 4 29 70 00029 60 . 4 56 : 4 52 4

Nova Acta Reg. Soc. Sc. Upsv. Ser 4, Vol. 4. N. Τ. Impr. ¹⁰ 7 1916. 10

 

